-7.385540723432085231e-02
-2.587645749444971235e-02
-1.036158815958257012e-01
-3.201389469104632540e-02
-1.290698754893687683e-01
-1.856563575020179491e-01
-1.399766621628926733e-01
-8.406427138298222523e-02
-1.952447004214761805e-01
-2.472180877694453716e-01
-2.446697136454924482e-01
-3.464832096615031443e-01
-3.440572357446580187e-01
-3.526337815736055870e-01
-3.172128897107907575e-01
-3.139702248643382321e-01
-1.480485070154083094e-01
-3.563519675739305198e-02
2.060827239658517551e-01
3.280257314953757275e-01
1.707768085774060210e-02
1.674937106859291855e-02
-1.388114061284597203e-02
-4.459399052620827142e-02
-1.934161828477637401e-02
4.763141067896985853e-02
7.896723984788344211e-03
2.435998201878615196e-02
-6.273473465901033275e-02
-1.288533213940690376e-03
-1.568808666815275366e-01
-2.663037165801040995e-01
-1.460200590912418828e-01
-6.100619896921857105e-02
-3.272718176970241255e-01
-2.030351947322211748e-01
-1.216519674860030431e-01
-2.848148852857134150e-01
-2.115322330353388014e-01
-1.310483356167870157e-02
-2.090870603783356596e-01
-1.271085493938944322e-01
1.260956789120382115e-02
8.354322824247144286e-02
1.011199506573468299e-01
2.726729300181252036e-01
3.814987096148079737e-01
4.463097314343223987e-01
1.347687512291843685e-02
-2.034225398048235545e-01
-1.375144876680401695e-01
-2.540492917275677734e-02
-5.045287842472293005e-02
1.350991205233456338e-01
-5.593268802882209179e-02
-4.675579421274762837e-02
-4.401883522570775031e-02
-1.076584793968123586e-02
-2.208586213383456273e-02
-6.455683662789100941e-02
-6.150611188988291261e-02
-4.951221834463402638e-02
-3.572673275267586046e-01
-2.478936645428987950e-01
2.217470231264797309e-01
8.565328856923740131e-02
-2.172226701585095732e-01
2.630956051050588676e-02
-3.070703480415262754e-01
-4.834225733396579905e-02
-8.655263402956842045e-02
-1.004558090945785465e-01
2.443108299835534611e-02
-4.206309426920178812e-02
3.349229378763090431e-02
-4.544435059947227185e-03
6.782083243790729132e-02
-3.305621396855842331e-01
-3.926083566774192790e-01
-2.408072467225521318e-01
1.517043846960696996e-01
2.809656980852912392e-02
-5.446716352483018525e-02
-1.340944916635107287e-01
-3.274996186323879677e-01
-8.690844610727715969e-02
1.150069296613424885e-01
-1.785041840595134530e-02
2.171949616860011090e-01
1.904933080861438699e-01
5.074638064516596991e-02
-2.636061033711561974e-01
-1.568492945179231490e-01
-2.227148124753251246e-01
-2.735203743909692120e-01
-2.842416174059882450e-01
1.093427372050135710e-01
-4.716395281879189744e-02
2.161753898900438120e-01
1.039162542504335762e-01
-2.223773219466403453e-02
2.510999706483456606e-01
1.466930590953008651e-01
-1.466843925908202333e-02
-1.106835545727097303e-01
-2.734445387511336492e-02
-1.296089945928483311e-01
-2.063165085839082924e-01
-6.907870270780346912e-03
1.232195005520705794e-01
-6.901699423947929568e-03
3.051441445659878737e-01
1.299649949718188757e-01
4.752416071606350989e-02
-4.872304995266416028e-02
-3.575292375540495837e-01
9.253665298743836420e-02
3.544411610467848028e-01
1.955097097355830982e-01
-1.965067354510647846e-01
4.137963027437475960e-02
-2.495425118201311521e-01
-9.163381191347226562e-02
-2.218663603733602163e-01
1.300668352634405944e-01
9.145066761870838945e-02
-6.985355361990185086e-02
2.148437790735716890e-01
1.062040578095939519e-01
3.790174557982138592e-02
5.688927421633512005e-02
7.534204279770490009e-02
-1.164034491757258843e-01
-1.393472443384768111e-01
-1.009295614148235237e-01
2.035440013095546896e-01
1.594065235696921767e-01
2.310895438330970997e-01
2.804556200410835212e-02
1.521399747013805204e-01
3.681369964297678266e-01
2.428210937503505196e-01
4.822453010482509739e-01
-1.236625820619803029e-01
5.676616905205152802e-02
-2.604572930377373544e-02
-1.166866187920753001e-01
-2.885745892786449329e-01
-1.958381686105505615e-01
1.078590374867327423e-01
1.163671010807461714e+00
7.914196818407268075e-02
2.347408383743567306e+00
3.177171470068141712e+00
8.672637722498131030e-01
1.243560686184533415e+00
5.536890325706337324e-01
2.515247515145871304e+00
1.233223081620223649e+00
3.709343322013152755e-01
9.052967545954765383e-01
9.444123875895376052e-01
1.977905090607284588e+00
1.296646657215757115e+00
1.330944348590071824e-01
1.784156949909641299e-01
2.716747833734073581e+00
3.300145306245805266e+00
1.988107856116185346e+00
2.614705046828337820e-01
1.160967795963771643e+00
2.147510426668502337e+00
2.368018160003729999e+00
2.122929339840785357e+00
3.795352182085176551e-01
4.845354787878598524e-01
4.447377860927693050e+00
1.377945002262639385e-01
4.615654929639222970e-01
9.507933728900062054e-01
3.219801275957327569e+00
5.652437987883132120e-01
2.514902456111517637e+00
3.535013137987577991e+00
1.790998864410047187e-01
