-9.294984908349575303e-02
-8.232405228244182860e-02
5.202600703619397748e-02
-1.285513216463759351e-02
7.815650518854976025e-02
7.545151626348331475e-02
2.100031925590231663e-01
8.019085053392402407e-02
6.332000083822360292e-02
4.386812382214450023e-02
3.506289855056733407e-01
3.100718706195254026e-01
2.210069420125398421e-01
1.838883663718645922e-01
2.165797206389637741e-01
1.692384917802613742e-01
3.137679077484140794e-02
-1.738693244108225136e-02
-1.715201898514705919e-02
-1.726471748987247201e-01
-1.318620538285451491e-02
-3.808911983066952389e-02
1.669565721102118649e-01
-1.341680941438667951e-04
-1.436722624526713503e-02
5.236709857512712729e-03
5.290736492741704433e-02
-1.233081968700853598e-01
1.507507206268643152e-01
3.214090962086956632e-02
